%YAML:1.0
---
image_width: 1280
image_height: 720
multi_camera_parameters: 1

projection_parameters_front:
   k2: -2.0840319548996885e-03
   k3: 3.0439953568020890e-03
   k4: -1.8877366765919644e-03
   k5: 4.0296276745277373e-04
   mu: 4.0785123285793696e+02
   mv: 4.0773924843537077e+02
   u0: 6.3951246138658155e+02
   v0: 3.5952998006767535e+02

projection_parameters_right:
   k2: -2.0840319548996885e-03
   k3: 3.0439953568020890e-03
   k4: -1.8877366765919644e-03
   k5: 4.0296276745277373e-04
   mu: 4.0785123285793696e+02
   mv: 4.0773924843537077e+02
   u0: 6.3951246138658155e+02
   v0: 3.5952998006767535e+02

projection_parameters_back:
   k2: -2.0840319548996885e-03
   k3: 3.0439953568020890e-03
   k4: -1.8877366765919644e-03
   k5: 4.0296276745277373e-04
   mu: 4.0785123285793696e+02
   mv: 4.0773924843537077e+02
   u0: 6.3951246138658155e+02
   v0: 3.5952998006767535e+02

projection_parameters_left:
   k2: -2.0840319548996885e-03
   k3: 3.0439953568020890e-03
   k4: -1.8877366765919644e-03
   k5: 4.0296276745277373e-04
   mu: 4.0785123285793696e+02
   mv: 4.0773924843537077e+02
   u0: 6.3951246138658155e+02
   v0: 3.5952998006767535e+02
