%YAML:1.0
---
car_y: 5.5999999046325684e+00
left_right_to_front_distance: 1.5000000000000000e+00
viewrange: 12.
pix_dis: 1.9999999552965164e-02
lean_pix: 0
extend_off: 4
cut_off: 18
inner_rect: [ 263, 164, 86, 249 ]
homography_0: !!opencv-matrix
   rows: 3
   cols: 3
   dt: d
   data: [ 5.5092474210889826e+01, 5.2997271072913657e+02,
       3.0515784595985394e+02, 4.3210958345134970e-04,
       3.2080418773421309e+02, 1.2161922034017510e+02,
       2.4458538568488379e-05, 1.7368114071520158e+00, 1. ]
rvec_0: !!opencv-matrix
   rows: 3
   cols: 1
   dt: d
   data: [ -1.4238111758551941e+00, -2.7651465395557392e-02,
       -1.9296049407834741e-02 ]
tvec_0: !!opencv-matrix
   rows: 3
   cols: 1
   dt: d
   data: [ 3.6660126708292357e-02, 5.5029585991808860e-01,
       -2.5046902159865994e+00 ]
homography_1: !!opencv-matrix
   rows: 3
   cols: 3
   dt: d
   data: [ 2.4032514993748505e-01, 3.0858942393635471e+02,
       3.9555073698073039e+02, 6.2741701588196044e+01,
       2.4939940974740134e+02, 2.4826946260355720e+02,
       6.7642024602931569e-04, 1.0034915061901357e+00, 1. ]
rvec_1: !!opencv-matrix
   rows: 3
   cols: 1
   dt: d
   data: [ -9.6994677105743954e-01, -1.0180037616830011e+00,
       -1.3193577239389567e+00 ]
tvec_1: !!opencv-matrix
   rows: 3
   cols: 1
   dt: d
   data: [ 1.0975385615645299e+00, 7.5850370437901871e-01,
       -1.7447232338866683e-01 ]
homography_2: !!opencv-matrix
   rows: 3
   cols: 3
   dt: d
   data: [ -4.7917091370506952e+01, 2.4252263644420248e+02,
       3.0515131993111720e+02, -1.7160852254618858e-02,
       2.9624974944776079e+02, 4.4974043079866107e+02,
       -3.7030359605694848e-05, 7.9478464816148309e-01, 1. ]
rvec_2: !!opencv-matrix
   rows: 3
   cols: 1
   dt: d
   data: [ 7.9543601163612865e-02, 1.6383695296368557e+00,
       2.7410460050115204e+00 ]
tvec_2: !!opencv-matrix
   rows: 3
   cols: 1
   dt: d
   data: [ -1.4512675637635017e-01, 1.3298938336654917e+00,
       -1.9094201607050221e+00 ]
homography_3: !!opencv-matrix
   rows: 3
   cols: 3
   dt: d
   data: [ -1.7306411922292214e-01, 3.0317183222530491e+02,
       2.1476053475714386e+02, -6.2744736845840869e+01,
       2.4856685618973054e+02, 2.4841584340652639e+02,
       -9.0014028892846710e-04, 1.0005507191879066e+00, 1. ]
rvec_3: !!opencv-matrix
   rows: 3
   cols: 1
   dt: d
   data: [ -9.2121404294068321e-01, 9.6493382338144662e-01,
       1.3528059980411673e+00 ]
tvec_3: !!opencv-matrix
   rows: 3
   cols: 1
   dt: d
   data: [ -1.0906832538923441e+00, 6.6954467781560867e-01,
       9.4572633985248594e-03 ]
